   0.00000E+00   0.47741E-07  -0.12433E-06  -0.96054E-07   0.45611E-08  -0.12502E-08  -0.20000E+03   0.79929E+01   0.80075E+01   0.49918E+02   0.12544E+00   0.12494E+00   0.34749E+00   0.10026E+01   0.10004E+01   0.20000E+03   0.17374E-02  -0.21287E-03  -0.13004E-02  -0.54289E-01
   0.10020E+02   0.74204E-07  -0.19126E-06  -0.10020E+02   0.45611E-08  -0.12502E-08  -0.20000E+03   0.79929E+01   0.80075E+01   0.49918E+02   0.12544E+00   0.12494E+00   0.34749E+00   0.10026E+01   0.10004E+01   0.20000E+03   0.17374E-02   0.57542E-03  -0.51841E-03  -0.54289E-01
   0.20039E+02   0.19656E-07   0.71669E-07  -0.20039E+02   0.45611E-08  -0.12502E-08  -0.20000E+03   0.79929E+01   0.80075E+01   0.49918E+02   0.12544E+00   0.12494E+00   0.34749E+00   0.10026E+01   0.10004E+01   0.20000E+03   0.17374E-02   0.13638E-02   0.26357E-03  -0.54289E-01
   0.30059E+02   0.78163E-07   0.71154E-07  -0.30059E+02   0.45611E-08  -0.12502E-08  -0.20000E+03   0.79930E+01   0.80075E+01   0.49918E+02   0.12544E+00   0.12494E+00   0.34749E+00   0.10026E+01   0.10004E+01   0.20000E+03   0.17374E-02   0.21521E-02   0.10456E-02  -0.54289E-01
   0.40079E+02   0.45702E-07   0.72546E-07  -0.40078E+02   0.45611E-08  -0.12502E-08  -0.20000E+03   0.79930E+01   0.80076E+01   0.49918E+02   0.12544E+00   0.12494E+00   0.34749E+00   0.10026E+01   0.10004E+01   0.20000E+03   0.17374E-02   0.29404E-02   0.18275E-02  -0.54289E-01
   0.50099E+02   0.29975E-07   0.17850E-06  -0.50098E+02   0.45611E-08  -0.12502E-08  -0.20000E+03   0.79930E+01   0.80076E+01   0.49918E+02   0.12544E+00   0.12494E+00   0.34749E+00   0.10026E+01   0.10004E+01   0.20000E+03   0.17374E-02   0.37288E-02   0.26095E-02  -0.54289E-01
   0.60118E+02   0.26926E-07   0.91619E-07  -0.60117E+02   0.45611E-08  -0.12502E-08  -0.20000E+03   0.79930E+01   0.80076E+01   0.49918E+02   0.12544E+00   0.12494E+00   0.34749E+00   0.10026E+01   0.10004E+01   0.20000E+03   0.17374E-02   0.45171E-02   0.33915E-02  -0.54289E-01
   0.70138E+02   0.11736E-06   0.18250E-06  -0.70137E+02   0.45611E-08  -0.12502E-08  -0.20000E+03   0.79930E+01   0.80076E+01   0.49918E+02   0.12544E+00   0.12494E+00   0.34749E+00   0.10026E+01   0.10004E+01   0.20000E+03   0.17374E-02   0.53054E-02   0.41735E-02  -0.54290E-01
   0.80158E+02   0.32830E-07   0.13659E-06  -0.80156E+02   0.45611E-08  -0.12502E-08  -0.20000E+03   0.79931E+01   0.80076E+01   0.49918E+02   0.12544E+00   0.12494E+00   0.34749E+00   0.10026E+01   0.10004E+01   0.20000E+03   0.17374E-02   0.60938E-02   0.49555E-02  -0.54290E-01
   0.90178E+02  -0.14674E-07   0.16374E-06  -0.90177E+02   0.45611E-08  -0.12502E-08  -0.20000E+03   0.79931E+01   0.80077E+01   0.49918E+02   0.12544E+00   0.12494E+00   0.34749E+00   0.10026E+01   0.10004E+01   0.20000E+03   0.17374E-02   0.68821E-02   0.57375E-02  -0.54290E-01
   0.10020E+03   0.87219E-07   0.22456E-06  -0.10020E+03   0.45611E-08  -0.12502E-08  -0.20000E+03   0.79932E+01   0.80077E+01   0.49919E+02   0.12544E+00   0.12494E+00   0.34749E+00   0.10026E+01   0.10004E+01   0.20000E+03   0.17374E-02   0.76703E-02   0.65194E-02  -0.54290E-01
   0.11022E+03   0.49633E-07   0.25723E-06  -0.11022E+03   0.45611E-08  -0.12502E-08  -0.20000E+03   0.79932E+01   0.80077E+01   0.49919E+02   0.12544E+00   0.12494E+00   0.34749E+00   0.10026E+01   0.10004E+01   0.20000E+03   0.17374E-02   0.84587E-02   0.73014E-02  -0.54290E-01
   0.12024E+03  -0.33219E-07   0.39939E-06  -0.12024E+03   0.45611E-08  -0.12502E-08  -0.20000E+03   0.79933E+01   0.80078E+01   0.49919E+02   0.12544E+00   0.12494E+00   0.34749E+00   0.10026E+01   0.10004E+01   0.20000E+03   0.17374E-02   0.92471E-02   0.80834E-02  -0.54291E-01
   0.13026E+03   0.10509E-06   0.34589E-06  -0.13026E+03   0.45611E-08  -0.12502E-08  -0.20000E+03   0.79933E+01   0.80078E+01   0.49919E+02   0.12544E+00   0.12494E+00   0.34749E+00   0.10026E+01   0.10004E+01   0.20000E+03   0.17374E-02   0.10035E-01   0.88654E-02  -0.54290E-01
   0.14028E+03   0.80527E-07   0.41488E-06  -0.14027E+03   0.45611E-08  -0.12502E-08  -0.20000E+03   0.79934E+01   0.80079E+01   0.49919E+02   0.12544E+00   0.12494E+00   0.34749E+00   0.10026E+01   0.10004E+01   0.20000E+03   0.17374E-02   0.10824E-01   0.96474E-02  -0.54291E-01
   0.15030E+03  -0.88895E-07   0.39887E-06  -0.15029E+03   0.45611E-08  -0.12502E-08  -0.20000E+03   0.79935E+01   0.80079E+01   0.49920E+02   0.12544E+00   0.12494E+00   0.34749E+00   0.10026E+01   0.10004E+01   0.20000E+03   0.17374E-02   0.11612E-01   0.10429E-01  -0.54292E-01
   0.16032E+03   0.51718E-07   0.51475E-06  -0.16032E+03   0.45611E-08  -0.12502E-08  -0.20000E+03   0.79935E+01   0.80080E+01   0.49920E+02   0.12544E+00   0.12494E+00   0.34749E+00   0.10026E+01   0.10004E+01   0.20000E+03   0.17374E-02   0.12400E-01   0.11211E-01  -0.54292E-01
   0.17034E+03  -0.26228E-07   0.53987E-06  -0.17034E+03   0.45611E-08  -0.12502E-08  -0.20000E+03   0.79936E+01   0.80081E+01   0.49920E+02   0.12544E+00   0.12494E+00   0.34749E+00   0.10026E+01   0.10004E+01   0.20000E+03   0.17374E-02   0.13189E-01   0.11993E-01  -0.54291E-01
   0.18036E+03   0.12411E-06   0.43956E-06  -0.18035E+03   0.45611E-08  -0.12502E-08  -0.20000E+03   0.79937E+01   0.80082E+01   0.49920E+02   0.12544E+00   0.12494E+00   0.34749E+00   0.10026E+01   0.10004E+01   0.20000E+03   0.17374E-02   0.13977E-01   0.12775E-01  -0.54292E-01
   0.19037E+03  -0.80176E-07   0.65232E-06  -0.19037E+03   0.45611E-08  -0.12502E-08  -0.20000E+03   0.79938E+01   0.80083E+01   0.49921E+02   0.12544E+00   0.12494E+00   0.34749E+00   0.10026E+01   0.10004E+01   0.20000E+03   0.17374E-02   0.14765E-01   0.13557E-01  -0.54292E-01
   0.20039E+03  -0.77655E-07   0.75839E-06  -0.20040E+03   0.45611E-08  -0.12502E-08  -0.20000E+03   0.79939E+01   0.80083E+01   0.49921E+02   0.12544E+00   0.12494E+00   0.34749E+00   0.10026E+01   0.10004E+01   0.20000E+03   0.17374E-02   0.15554E-01   0.14339E-01  -0.54292E-01
   0.21041E+03   0.43641E-07   0.72614E-06  -0.21042E+03   0.45611E-08  -0.12502E-08  -0.20000E+03   0.79940E+01   0.80085E+01   0.49921E+02   0.12544E+00   0.12494E+00   0.34749E+00   0.10026E+01   0.10004E+01   0.20000E+03   0.17374E-02   0.16342E-01   0.15121E-01  -0.54292E-01
   0.22043E+03   0.65502E-07   0.78719E-06  -0.22044E+03   0.45611E-08  -0.12502E-08  -0.20000E+03   0.79941E+01   0.80086E+01   0.49921E+02   0.12544E+00   0.12494E+00   0.34749E+00   0.10026E+01   0.10004E+01   0.20000E+03   0.17374E-02   0.17130E-01   0.15903E-01  -0.54292E-01
   0.23045E+03  -0.31326E-07   0.68830E-06  -0.23046E+03   0.45611E-08  -0.12502E-08  -0.20000E+03   0.79942E+01   0.80086E+01   0.49921E+02   0.12544E+00   0.12494E+00   0.34749E+00   0.10026E+01   0.10004E+01   0.20000E+03   0.17374E-02   0.17919E-01   0.16685E-01  -0.54292E-01
   0.24047E+03  -0.28415E-07   0.77163E-06  -0.24048E+03   0.45611E-08  -0.12502E-08  -0.20000E+03   0.79943E+01   0.80087E+01   0.49921E+02   0.12544E+00   0.12494E+00   0.34749E+00   0.10026E+01   0.10004E+01   0.20000E+03   0.17374E-02   0.18707E-01   0.17467E-01  -0.54292E-01
   0.25049E+03  -0.10688E-06   0.81601E-06  -0.25050E+03   0.45611E-08  -0.12502E-08  -0.20000E+03   0.79944E+01   0.80089E+01   0.49921E+02   0.12544E+00   0.12494E+00   0.34749E+00   0.10026E+01   0.10004E+01   0.20000E+03   0.17374E-02   0.19495E-01   0.18249E-01  -0.54291E-01
   0.26051E+03  -0.21156E-07   0.96713E-06  -0.26052E+03   0.45611E-08  -0.12502E-08  -0.20000E+03   0.79945E+01   0.80090E+01   0.49921E+02   0.12544E+00   0.12494E+00   0.34749E+00   0.10026E+01   0.10004E+01   0.20000E+03   0.17374E-02   0.20283E-01   0.19031E-01  -0.54292E-01
   0.27053E+03  -0.25201E-07   0.93484E-06  -0.27054E+03   0.45611E-08  -0.12502E-08  -0.20000E+03   0.79947E+01   0.80091E+01   0.49921E+02   0.12544E+00   0.12494E+00   0.34749E+00   0.10026E+01   0.10004E+01   0.20000E+03   0.17374E-02   0.21072E-01   0.19813E-01  -0.54292E-01
   0.28055E+03   0.28491E-08   0.96408E-06  -0.28056E+03   0.45611E-08  -0.12502E-08  -0.20000E+03   0.79948E+01   0.80092E+01   0.49921E+02   0.12544E+00   0.12494E+00   0.34749E+00   0.10026E+01   0.10004E+01   0.20000E+03   0.17374E-02   0.21860E-01   0.20595E-01  -0.54292E-01
   0.29057E+03  -0.30655E-08   0.10730E-05  -0.29058E+03   0.45611E-08  -0.12502E-08  -0.20000E+03   0.79950E+01   0.80093E+01   0.49921E+02   0.12544E+00   0.12494E+00   0.34749E+00   0.10026E+01   0.10004E+01   0.20000E+03   0.17374E-02   0.22649E-01   0.21377E-01  -0.54293E-01
   0.30059E+03   0.58440E-07   0.94550E-06  -0.30060E+03   0.45611E-08  -0.12502E-08  -0.20000E+03   0.79951E+01   0.80095E+01   0.49921E+02   0.12544E+00   0.12494E+00   0.34749E+00   0.10026E+01   0.10004E+01   0.20000E+03   0.17374E-02   0.23437E-01   0.22159E-01  -0.54293E-01
   0.31061E+03  -0.45207E-07   0.11118E-05  -0.31062E+03   0.45611E-08  -0.12502E-08  -0.20000E+03   0.79952E+01   0.80096E+01   0.49921E+02   0.12544E+00   0.12494E+00   0.34749E+00   0.10026E+01   0.10004E+01   0.20000E+03   0.17374E-02   0.24225E-01   0.22941E-01  -0.54293E-01
   0.32063E+03  -0.10077E-06   0.11100E-05  -0.32064E+03   0.45611E-08  -0.12502E-08  -0.20000E+03   0.79954E+01   0.80098E+01   0.49921E+02   0.12544E+00   0.12494E+00   0.34749E+00   0.10026E+01   0.10004E+01   0.20000E+03   0.17374E-02   0.25014E-01   0.23723E-01  -0.54293E-01
   0.33065E+03  -0.52139E-07   0.11823E-05  -0.33066E+03   0.45611E-08  -0.12502E-08  -0.20000E+03   0.79956E+01   0.80099E+01   0.49921E+02   0.12544E+00   0.12494E+00   0.34749E+00   0.10026E+01   0.10004E+01   0.20000E+03   0.17374E-02   0.25802E-01   0.24505E-01  -0.54293E-01
   0.34067E+03  -0.44811E-08   0.12929E-05  -0.34068E+03   0.45611E-08  -0.12502E-08  -0.20000E+03   0.79957E+01   0.80101E+01   0.49921E+02   0.12544E+00   0.12494E+00   0.34749E+00   0.10026E+01   0.10004E+01   0.20000E+03   0.17374E-02   0.26590E-01   0.25287E-01  -0.54295E-01
   0.35069E+03   0.36277E-07   0.13238E-05  -0.35070E+03   0.45611E-08  -0.12502E-08  -0.20000E+03   0.79959E+01   0.80102E+01   0.49921E+02   0.12544E+00   0.12494E+00   0.34749E+00   0.10026E+01   0.10004E+01   0.20000E+03   0.17374E-02   0.27379E-01   0.26069E-01  -0.54295E-01
   0.36071E+03  -0.52021E-07   0.14219E-05  -0.36072E+03   0.45611E-08  -0.12502E-08  -0.20000E+03   0.79961E+01   0.80104E+01   0.49921E+02   0.12544E+00   0.12494E+00   0.34749E+00   0.10026E+01   0.10004E+01   0.20000E+03   0.17374E-02   0.28167E-01   0.26851E-01  -0.54295E-01
   0.37073E+03  -0.87804E-07   0.14978E-05  -0.37074E+03   0.45611E-08  -0.12502E-08  -0.20000E+03   0.79962E+01   0.80106E+01   0.49921E+02   0.12544E+00   0.12494E+00   0.34749E+00   0.10026E+01   0.10004E+01   0.20000E+03   0.17374E-02   0.28955E-01   0.27633E-01  -0.54292E-01
   0.38075E+03   0.42156E-07   0.14353E-05  -0.38076E+03   0.45611E-08  -0.12502E-08  -0.20000E+03   0.79964E+01   0.80108E+01   0.49921E+02   0.12544E+00   0.12494E+00   0.34749E+00   0.10026E+01   0.10004E+01   0.20000E+03   0.17374E-02   0.29744E-01   0.28415E-01  -0.54292E-01
   0.39077E+03   0.24130E-07   0.14874E-05  -0.39078E+03   0.45611E-08  -0.12502E-08  -0.20000E+03   0.79966E+01   0.80110E+01   0.49921E+02   0.12544E+00   0.12494E+00   0.34749E+00   0.10026E+01   0.10004E+01   0.20000E+03   0.17374E-02   0.30532E-01   0.29197E-01  -0.54290E-01
   0.40079E+03   0.47679E-07   0.15616E-05  -0.40080E+03   0.45611E-08  -0.12502E-08  -0.20000E+03   0.79968E+01   0.80111E+01   0.49921E+02   0.12544E+00   0.12494E+00   0.34749E+00   0.10026E+01   0.10004E+01   0.20000E+03   0.17374E-02   0.31320E-01   0.29979E-01  -0.54291E-01
   0.41081E+03  -0.98426E-07   0.15374E-05  -0.41082E+03   0.45611E-08  -0.12502E-08  -0.20000E+03   0.79970E+01   0.80113E+01   0.49921E+02   0.12544E+00   0.12494E+00   0.34749E+00   0.10026E+01   0.10004E+01   0.20000E+03   0.17374E-02   0.32109E-01   0.30761E-01  -0.54288E-01
   0.42083E+03  -0.71443E-07   0.17765E-05  -0.42084E+03   0.45611E-08  -0.12502E-08  -0.20000E+03   0.79972E+01   0.80115E+01   0.49920E+02   0.12544E+00   0.12494E+00   0.34749E+00   0.10026E+01   0.10004E+01   0.20000E+03   0.17374E-02   0.32897E-01   0.31543E-01  -0.54289E-01
   0.43085E+03  -0.35053E-07   0.17775E-05  -0.43086E+03   0.45611E-08  -0.12502E-08  -0.20000E+03   0.79974E+01   0.80117E+01   0.49920E+02   0.12544E+00   0.12494E+00   0.34749E+00   0.10026E+01   0.10004E+01   0.20000E+03   0.17374E-02   0.33685E-01   0.32325E-01  -0.54289E-01
   0.44087E+03  -0.42651E-07   0.16289E-05  -0.44088E+03   0.45611E-08  -0.12502E-08  -0.20000E+03   0.79977E+01   0.80119E+01   0.49920E+02   0.12544E+00   0.12494E+00   0.34749E+00   0.10026E+01   0.10004E+01   0.20000E+03   0.17374E-02   0.34473E-01   0.33107E-01  -0.54288E-01
   0.45089E+03   0.17162E-07   0.16884E-05  -0.45090E+03   0.45611E-08  -0.12502E-08  -0.20000E+03   0.79979E+01   0.80121E+01   0.49919E+02   0.12544E+00   0.12494E+00   0.34749E+00   0.10026E+01   0.10004E+01   0.20000E+03   0.17374E-02   0.35262E-01   0.33889E-01  -0.54286E-01
   0.46091E+03  -0.44996E-07   0.19187E-05  -0.46092E+03   0.45611E-08  -0.12502E-08  -0.20000E+03   0.79981E+01   0.80123E+01   0.49919E+02   0.12544E+00   0.12494E+00   0.34749E+00   0.10026E+01   0.10004E+01   0.20000E+03   0.17374E-02   0.36050E-01   0.34671E-01  -0.54284E-01
   0.47093E+03  -0.11752E-07   0.18813E-05  -0.47094E+03   0.45611E-08  -0.12502E-08  -0.20000E+03   0.79983E+01   0.80125E+01   0.49918E+02   0.12544E+00   0.12494E+00   0.34749E+00   0.10026E+01   0.10004E+01   0.20000E+03   0.17374E-02   0.36838E-01   0.35453E-01  -0.54284E-01
   0.48095E+03  -0.21639E-07   0.18864E-05  -0.48096E+03   0.45611E-08  -0.12502E-08  -0.20000E+03   0.79985E+01   0.80127E+01   0.49917E+02   0.12544E+00   0.12494E+00   0.34749E+00   0.10026E+01   0.10004E+01   0.20000E+03   0.17374E-02   0.37627E-01   0.36235E-01  -0.54283E-01
   0.49097E+03  -0.23167E-07   0.19139E-05  -0.49098E+03   0.45611E-08  -0.12502E-08  -0.20000E+03   0.79988E+01   0.80130E+01   0.49916E+02   0.12544E+00   0.12494E+00   0.34749E+00   0.10026E+01   0.10004E+01   0.20000E+03   0.17374E-02   0.38415E-01   0.37017E-01  -0.54283E-01
   0.50099E+03   0.48295E-07   0.19111E-05  -0.50100E+03   0.45611E-08  -0.12502E-08  -0.20000E+03   0.79990E+01   0.80133E+01   0.49915E+02   0.12544E+00   0.12494E+00   0.34749E+00   0.10026E+01   0.10004E+01   0.20000E+03   0.17374E-02   0.39204E-01   0.37799E-01  -0.54284E-01
   0.51101E+03   0.21057E-07   0.21758E-05  -0.51102E+03   0.45611E-08  -0.12502E-08  -0.20000E+03   0.79992E+01   0.80135E+01   0.49914E+02   0.12544E+00   0.12494E+00   0.34749E+00   0.10026E+01   0.10004E+01   0.20000E+03   0.17374E-02   0.39991E-01   0.38581E-01  -0.54282E-01
